------------------------------ input: 
2356
3206
2420
16
2370
4433
2310
2516
------------------------------ stage: 0
0 4 0           (2356         2370         1           ) -> (4726         4787        )
1 5 1           (3206         4433         1582        ) -> (2838         3291        )
2 6 2           (2420         2310         1403        ) -> (4730         698         )
3 7 3           (16           2516         1484        ) -> (2532         1173        )
------------------------------ stage: 1
0 2 0           (4726         4730         1           ) -> (4655         4797        )
1 3 2           (2838         2532         1403        ) -> (569          2029        )
4 6 0           (4787         698          1           ) -> (684          4089        )
5 7 2           (3291         1173         1403        ) -> (4464         4536        )
------------------------------ stage: 2
0 1 0           (4655         569          1           ) -> (423          4086        )
2 3 0           (4797         2029         1           ) -> (2025         2768        )
4 5 0           (684          4464         1           ) -> (347          1021        )
6 7 0           (4089         4536         1           ) -> (3824         4354        )
------------------------------ result: 
423
4086
2025
2768
347
1021
3824
4354
