------------------------------ input: 
56
809
7388
2522
4195
1721
1095
6201
2793
1316
8
3294
475
4359
2767
1013
2355
2743
7376
7541
3074
819
4134
7524
2669
2720
7410
1144
3319
5498
186
5047
7632
5728
4244
2959
6324
4195
5385
5009
2408
6354
4537
235
84
7662
4022
1738
3781
3671
74
3186
5144
2106
4041
1248
5731
2012
2689
6570
3345
6936
7352
1117
4722
5587
6138
4078
4309
7361
6000
901
3429
6299
7244
493
4878
584
4319
4349
1972
5470
3628
6684
4899
118
7486
4455
472
5766
77
754
6779
3394
5444
3206
1226
932
7097
5373
5671
177
5588
4033
6530
3015
2454
736
3263
7381
7098
3661
1529
5960
975
5648
6589
4522
5277
3747
6699
2734
2509
5561
4711
7638
4303
594
809
7593
87
3788
7002
4474
5056
2653
2693
3853
4162
5485
7005
2021
1198
3311
2006
5342
5761
1898
3926
3063
2859
4257
1125
5656
6014
2543
2927
4035
2273
1529
3068
6043
274
2692
4464
2398
3422
3017
670
133
1645
7397
209
7006
6217
397
6673
1150
850
2557
3337
7095
4098
107
1358
515
830
5473
3914
4511
2938
5832
1093
7016
2577
4748
7439
2436
3826
6004
3484
3573
1506
4198
2588
6412
3095
112
5308
3360
5032
647
2902
3546
6162
3692
6995
938
6817
2859
626
848
2474
4083
250
1872
5392
3399
4564
4779
5038
2175
2439
1588
1146
914
3393
3937
3241
5647
2862
7372
4465
5391
2896
5637
5824
201
2571
953
1735
130
3754
3863
3054
6738
------------------------------ stage: 0
865
721
7475
6310
3516
6195
6151
1173
5486
5169
4170
1098
7480
6380
3965
4324
4361
404
5456
1758
7000
3882
6993
4100
3794
695
5743
3687
6246
1852
2459
6576
3019
4090
4518
5651
3107
6593
1126
345
3078
6487
6182
7632
293
6987
2558
2135
2773
4821
924
5743
800
1520
458
1355
7089
2527
3519
4362
7259
3766
2609
6949
5815
4922
1034
1145
4067
2116
2145
6905
6913
2191
1069
4691
7466
6996
7414
4461
7280
1149
979
7331
120
3664
5967
466
7467
6704
6894
3613
7405
4242
237
7289
1476
2804
4808
1091
2554
4956
2945
6208
1288
4603
3600
1650
6656
3637
2658
1627
4391
5651
5440
3358
1804
2478
3420
3948
1589
3687
4244
5691
784
3820
7357
7332
6928
6980
3026
5248
4590
7462
1298
3251
6023
6583
2091
3702
3770
6062
2257
3660
421
4752
6682
3190
2851
47
5580
1788
4340
5461
5306
2919
6147
2045
3553
4543
5812
3002
4983
5442
2973
458
5863
2257
1760
2798
7096
2991
742
4621
5838
1787
4726
7458
4390
6956
2168
3228
5279
7256
3323
2535
4022
4204
7597
1064
6997
1454
5012
2672
6742
2812
1268
2612
1707
4177
500
1246
7596
5317
3186
527
2064
1813
2025
2169
7311
3473
7593
5225
2370
1897
2889
4628
5203
6733
1328
7175
2924
6128
3045
4106
5924
755
3157
3565
5417
6497
4923
1246
940
163
2790
4820
315
2764
6323
6870
3978
1728
3911
7268
5136
621
3427
7325
4871
6083
771
4637
6325
3950
------------------------------ stage: 1
6680
5643
828
7455
7583
630
615
397
4718
7360
5239
5789
7265
5695
3698
1104
3960
1553
6435
1408
7120
7546
5279
4566
3580
7399
4956
7300
5970
6094
2696
6184
4495
6894
1645
6742
5661
3868
4071
6553
4366
3409
2101
1601
6949
2943
5216
3762
7164
2791
6364
1420
2604
3998
3878
5303
997
6214
82
2372
362
7586
2285
6600
2731
4225
2107
1286
72
6421
1463
1428
6972
4160
4219
1535
6805
3623
4601
3207
194
100
1866
1718
7356
5135
3557
1697
2438
1152
2891
6622
2100
812
760
20
3111
528
1050
5665
3352
2740
4191
2162
6553
7521
5321
4048
2731
1961
1977
6857
3845
5090
3052
3310
966
5959
6257
3566
3523
3369
3471
2958
372
5019
5758
7242
4259
1971
2087
379
5858
2393
3005
7428
6523
148
2006
1338
6956
6589
4321
5473
2446
6921
6312
6663
2763
5272
269
3685
7229
2408
2828
1971
7475
1539
6477
2990
1176
7108
3226
6197
6130
4023
3599
1073
6683
4044
355
3154
3532
1760
6153
4551
3368
6647
687
1003
6079
2815
2734
196
6750
2179
1212
2606
687
5701
5641
5404
1916
6687
5001
7193
6062
29
1977
4567
478
708
652
613
766
1175
5319
271
5322
1406
6911
5971
7157
6354
2145
2365
4359
2632
5794
2060
1375
5953
5587
6799
2378
3656
7380
5528
2371
5948
1506
4447
2963
3407
3625
5039
6631
271
5334
5395
1825
6111
606
573
6864
3979
4612
5867
816
6032
2645
385
2098
5648
421
47
------------------------------ stage: 2
3494
4856
2473
6516
5563
4498
4686
6950
1403
3088
7340
7390
6533
957
1233
4866
3443
4344
5118
2828
2043
3863
1476
2188
4577
5932
5038
1991
6332
5999
4981
5103
2185
5737
5404
5305
998
4254
5568
6847
4521
2834
4150
5311
6984
3051
4288
1241
1241
5277
5639
2405
1265
1136
2361
4662
5013
2526
5409
7680
5039
6910
905
3397
5842
4753
3157
6951
3424
1480
5654
3590
5844
4000
1859
5583
1855
5584
6578
2383
4039
5190
4918
5028
641
3413
2133
5263
5961
4521
6362
1899
2472
5831
6518
7262
7301
1269
7515
2387
335
5127
6102
4048
1301
1454
5690
6253
3605
3333
4590
1918
285
5089
1006
1582
2324
7625
746
619
7074
505
7321
1720
1213
7036
4637
2585
5435
1398
5313
6576
4307
6416
6604
820
5525
4192
2361
4492
2807
668
2793
2343
5814
5887
6999
7666
1161
406
3003
3881
6298
4587
4040
4577
481
7240
4437
713
3083
5390
3369
6676
5086
1686
957
1662
5626
2643
3422
6970
5379
4374
6865
1864
640
2716
6122
4990
3643
1211
994
1150
7326
1791
6830
2402
1689
5973
5971
6603
4294
2662
4700
5040
752
5977
3483
1333
3441
4115
4277
5652
7397
1446
2972
5666
7147
7517
7517
6544
6340
2652
6757
551
5175
983
758
2445
3473
3920
6008
6846
7219
5981
7030
215
5817
3606
5642
2352
4328
3974
4087
5872
3481
2007
4991
121
6070
6176
2035
2452
2965
1280
1188
5175
453
1114
3014
6002
946
3890
6890
2767
------------------------------ stage: 3
6937
1519
7591
1663
7606
680
6162
1457
5980
1339
4697
1700
5184
6956
6214
2288
51
421
3654
5153
6805
1907
6483
6515
7285
1415
3424
6286
4806
1638
4001
3627
3426
3333
3362
29
2263
5390
248
3828
1853
5360
1878
5310
4342
2280
5193
4638
944
6199
949
7276
6412
824
3986
5233
5340
4881
6449
7044
4203
2902
5953
4410
2200
2262
394
4298
4065
4893
106
1172
4124
840
540
7482
4327
3734
5415
1964
1803
2176
6327
5863
3820
376
6745
4655
4080
1245
2091
3659
4851
1171
4256
5441
7586
6358
840
3969
2659
5071
6848
4667
694
1959
5330
292
4818
2688
1546
4503
7016
4960
3164
3397
6858
2429
437
454
4957
7433
5542
5797
4000
4588
3323
3110
3568
7285
4631
6561
5468
6822
1926
4701
4142
1098
6401
1388
3288
227
7230
3056
7302
5145
5207
3463
6322
933
6763
6653
3519
6384
3195
564
473
5191
1673
7140
3723
425
1810
3985
1048
2897
1951
2812
5271
4434
2571
1691
7068
2666
5155
786
2443
4209
6803
7525
6772
6023
2488
2207
5712
6220
2345
2402
1675
1921
6575
965
3760
2498
4536
3903
7092
948
2559
1884
935
5098
5035
416
3189
5366
1299
4831
4828
4454
2126
4130
4079
3756
4256
4541
5519
1553
7403
3842
4404
6940
4323
5905
5608
4476
1384
2667
1101
4886
6830
7527
4781
5088
7101
4193
4427
5897
4200
2888
1149
2465
2218
617
3026
4300
7531
688
2342
4724
4619
4929
5241
1215
6628
4714
------------------------------ stage: 4
5236
2858
4607
3363
5109
7636
4695
3745
957
4993
205
2488
2001
2290
247
7111
7336
1836
7078
3758
3930
3545
2803
2461
447
1530
2474
6850
4344
5632
7413
1565
5279
1012
5240
5339
6605
7670
5441
785
1573
570
2738
540
5142
5807
2366
3992
6284
3399
7398
6639
2934
3726
2258
1962
3285
4385
3289
6197
566
2408
7423
3587
6324
3102
934
4099
711
946
5521
3136
5757
3344
7246
2356
3031
823
4095
6805
5883
3421
737
1841
990
1547
3320
2415
5404
947
7360
1264
699
973
1619
2622
599
636
6170
4261
7477
78
713
1489
6892
1389
7140
6012
6947
3064
1699
3440
4292
4712
1025
1513
3177
7017
3760
3564
2059
5182
3542
7141
1765
2768
2187
3114
29
702
3351
268
1075
7049
1475
76
7107
3876
3670
1740
6501
7387
2151
6591
3140
3848
721
4027
6795
6124
755
6112
3783
68
5679
6221
6770
2709
2706
276
1313
4859
4381
5676
435
5563
7106
3598
6133
468
6308
7045
3329
4094
7538
5965
474
2748
1467
2246
766
263
1382
3172
4412
7500
130
3649
694
3105
2131
2072
4695
7596
1890
4319
2600
6314
3858
6715
2825
2982
1512
4049
7471
5127
1696
2443
2666
6007
1848
291
802
3015
898
2765
6990
7373
4953
1601
1092
496
6079
3612
2708
1883
804
6860
5528
3102
3349
2734
827
7603
1222
2345
6874
1933
6710
825
3491
7189
6837
5546
586
5515
6478
5402
6488
7619
6367
566
4370
7625
5312
3228
------------------------------ stage: 5
2664
2813
1621
7108
127
3441
5826
5655
2958
7283
452
1918
6637
6633
3828
4677
3585
5381
2200
6219
3406
853
998
7281
4791
7162
2206
734
3784
1562
2462
3700
4203
1001
3000
6124
6355
4258
4055
5252
6715
6377
5104
4532
4112
7387
1208
1035
1537
7125
1975
920
3350
2761
1164
6588
3851
6793
3031
2103
2719
1629
5902
6805
7035
4048
6455
7235
5613
3688
2201
5027
1107
4167
3660
1480
2726
935
1395
10
6873
4968
4057
4256
4893
7267
4992
6567
6103
1920
1298
3886
4705
6867
3446
2610
395
714
6883
5750
803
926
4093
2195
6158
4453
1158
1771
7626
3690
4454
3145
7469
4048
4785
5077
1115
7600
4581
141
3824
269
5729
2574
294
1721
1592
5835
1104
70
4826
344
6635
5132
5679
6769
5927
3582
5821
650
606
4112
7493
5760
2254
2291
1476
2458
4026
4372
7488
4143
2872
2777
704
6497
4694
7125
4451
565
1748
2741
3806
1593
878
6320
1475
1651
1781
4562
6165
5329
2804
2875
5669
2551
1240
3011
2849
5418
7389
3353
4323
558
5106
2924
2261
5721
3718
521
2422
5951
7295
6229
5748
3353
2095
3504
5998
3700
2615
428
3208
6492
3035
1974
311
3893
3468
1341
2746
3056
1864
3864
4489
230
401
188
3351
5213
5898
235
7163
7632
555
4985
4153
1913
4861
3786
7015
7285
20
1855
251
3170
1634
3215
927
461
4077
5023
5634
3267
2905
2778
6782
6997
3177
7563
3998
3794
2118
403
2600
1123
------------------------------ stage: 6
4285
2240
1043
5214
5953
1415
1982
987
3410
1520
2506
408
2784
3629
2809
3874
5785
3919
1385
665
4404
453
2408
1013
6997
215
2585
6668
6246
5262
1322
5033
7203
7125
1203
2773
2729
1829
2300
6105
4138
3228
1611
3018
5320
741
2904
2622
3512
364
7243
658
4514
1668
2186
4256
6882
1215
820
2676
940
753
4498
5409
5809
3602
580
5178
133
1034
3412
5728
4767
5647
5128
4183
4121
945
1331
4573
3249
1543
2816
3138
2204
6153
7582
5329
7401
5806
4805
6913
470
1796
1259
444
7278
6464
1193
330
4896
3121
4391
7029
7316
6224
5000
5736
4399
6835
3172
7386
4573
1444
2684
1614
5696
60
4215
5969
1872
2843
5776
1600
1886
7556
6383
7371
5930
414
3959
5222
4633
4220
956
7651
4067
4232
106
4896
418
2191
794
6459
3730
4749
778
4248
3833
834
4219
1074
3576
1593
2168
3282
1464
9
243
5610
5554
4334
5623
2902
2353
290
7084
4590
265
2210
3297
6264
792
5426
4816
2291
4089
748
6072
1021
4031
3911
3066
7507
7367
964
2845
6940
6140
6472
1296
4419
5362
1901
1547
2319
412
7204
3778
2502
5823
6920
7088
6242
3346
5867
2724
1532
6214
4397
722
2690
6353
4094
5056
3459
3752
5401
4731
1522
5380
186
6416
7034
4708
6898
4083
7498
4195
3390
5527
696
271
5025
7450
1346
2561
3676
707
271
2030
609
6124
4546
2006
2094
3804
1579
7175
3676
6860
7614
4718
1526
7199
883
------------------------------ stage: 7
6525
2045
6257
3510
7368
4538
2969
995
4930
1890
2914
2098
6413
6836
6683
6616
2023
1866
2050
720
4857
3951
3421
1395
7212
6782
1572
3598
3827
984
6355
3970
6647
78
3976
6111
4558
900
724
3876
7366
910
4629
6274
6061
4579
5526
282
3876
3148
220
6585
6182
2846
6442
5611
416
5667
3496
5825
1693
187
2226
6770
1730
2207
5758
3083
1167
6780
1459
5365
2733
6801
1630
945
5066
3176
5904
4439
4792
1706
5954
7359
676
3732
5230
2253
5526
1595
4037
5573
2266
6355
1703
815
6061
814
1523
863
336
1775
3739
5043
5859
1092
3055
6945
3553
5245
2877
3467
6017
3129
4298
1070
5756
5636
2503
5927
4715
6710
7376
4176
1761
2011
6073
6693
6344
5516
1500
6418
1172
413
926
986
618
7516
5002
2891
2609
5908
7253
2016
798
6662
5026
4211
4667
2999
5293
3145
5169
1983
5450
6567
1473
1455
5853
2314
2207
1220
844
2721
2643
2063
3993
2494
2475
5736
1880
4714
6218
3047
7107
2525
4837
3341
7093
5051
261
120
2892
3240
650
6403
2104
3586
4931
7349
5715
4558
7263
3461
3866
6909
7616
889
6280
1276
5062
6584
5649
846
1532
5160
4256
1192
2930
1817
3412
5713
2766
2259
834
1597
1472
6032
6253
3209
5566
5194
5769
7063
3925
5491
3900
4266
7585
805
6223
4831
5296
2927
1115
6104
6237
6566
978
436
2639
1421
2989
1578
4100
7593
5383
2225
3170
3499
6793
6927
6244
3192
401
6316
------------------------------ result: 
6525
2045
6257
3510
7368
4538
2969
995
4930
1890
2914
2098
6413
6836
6683
6616
2023
1866
2050
720
4857
3951
3421
1395
7212
6782
1572
3598
3827
984
6355
3970
6647
78
3976
6111
4558
900
724
3876
7366
910
4629
6274
6061
4579
5526
282
3876
3148
220
6585
6182
2846
6442
5611
416
5667
3496
5825
1693
187
2226
6770
1730
2207
5758
3083
1167
6780
1459
5365
2733
6801
1630
945
5066
3176
5904
4439
4792
1706
5954
7359
676
3732
5230
2253
5526
1595
4037
5573
2266
6355
1703
815
6061
814
1523
863
336
1775
3739
5043
5859
1092
3055
6945
3553
5245
2877
3467
6017
3129
4298
1070
5756
5636
2503
5927
4715
6710
7376
4176
1761
2011
6073
6693
6344
5516
1500
6418
1172
413
926
986
618
7516
5002
2891
2609
5908
7253
2016
798
6662
5026
4211
4667
2999
5293
3145
5169
1983
5450
6567
1473
1455
5853
2314
2207
1220
844
2721
2643
2063
3993
2494
2475
5736
1880
4714
6218
3047
7107
2525
4837
3341
7093
5051
261
120
2892
3240
650
6403
2104
3586
4931
7349
5715
4558
7263
3461
3866
6909
7616
889
6280
1276
5062
6584
5649
846
1532
5160
4256
1192
2930
1817
3412
5713
2766
2259
834
1597
1472
6032
6253
3209
5566
5194
5769
7063
3925
5491
3900
4266
7585
805
6223
4831
5296
2927
1115
6104
6237
6566
978
436
2639
1421
2989
1578
4100
7593
5383
2225
3170
3499
6793
6927
6244
3192
401
6316
